0 0
16 0
16 98
16 98
0 98
16 98
16 82
0 82
16 82
16 66
0 66
16 66
16 50
0 50
16 50
16 34
0 34
16 34
16 18
0 18
16 18
16 2
0 2
16 2
2 0
2 98
2 98
16 84
0 84
16 84
16 68
0 68
16 68
16 52
0 52
16 52
16 36
0 36
16 36
16 20
0 20
16 20
16 4
0 4
16 4
4 0
4 98
4 98
16 86
0 86
16 86
16 70
0 70
16 70
16 54
0 54
16 54
16 38
0 38
16 38
16 22
0 22
16 22
16 6
0 6
16 6
6 0
6 98
6 98
16 88
0 88
16 88
16 72
0 72
16 72
16 56
0 56
16 56
16 40
0 40
16 40
16 24
0 24
16 24
16 8
0 8
16 8
8 0
8 98
8 98
16 90
0 90
16 90
16 74
0 74
16 74
16 58
0 58
16 58
16 42
0 42
16 42
16 26
0 26
16 26
16 10
0 10
16 10
10 0
10 98
10 98
16 92
0 92
16 92
16 76
0 76
16 76
16 60
0 60
16 60
16 44
0 44
16 44
16 28
0 28
16 28
16 12
90
